citeşte x,z (numere naturale)
y<-0
repetă
    y<-y*10+x%10
    x<-[x/100]
până când x=0
cât timp y*z>0 şi y%10=z%10 execută
    y<-[y/10]
    z<-[z/10]
dacă y+z=0 atunci
    scrie 1
altfel
    scrie 0 

x:729385 7293 72 0
z:532 53 5 0
y:0 5 53 532 53 5 0
scrie 1


x:329 3 0 
z:99 9
y:0 9 13, 0
scrie 0

890  nr.


citeşte x,z (numere naturale)
y<-0
repetă
    y<-y*10+x%10
    x<-[x/100]
până când x=0
dacă y=z atunci
    scrie 1
altfel
    scrie 0